2978	1016	4
-0.30639755725860596	1.0	0.0	0.23319591581821442	0.6899202466011047	1.0	1	0.0	0	0.0	0	0.0	0.8216675519943237	-0.5699672102928162	-1.0	0.0	0.0	0.0	0.5699672102928162	0.8216675519943237
0.30639755725860596	2.447805881500244	2.0871639251708984	0.1748970001935959	0.8798404932022095	1.0	1	0.0	0	0.0	0	0.0	0.8216675519943237	-0.5699672102928162	-1.0	0.0	0.0	0.0	0.5699672102928162	0.8216675519943237
0.30639755725860596	1.0	0.0	0.1748969852924347	0.6899202466011047	1.0	1	0.0	0	0.0	0	0.0	0.8216675519943237	-0.5699672102928162	-1.0	0.0	0.0	0.0	0.5699672102928162	0.8216675519943237
0.30639755725860596	2.447805881500244	2.0871639251708984	0.1748969554901123	0.9784538149833679	1.0	1	0.0	0	0.0	0	0.0	-0.4059046804904938	0.9139153957366943	1.0	0.0	0.0	0.0	0.9139154553413391	0.40590471029281616
-0.30639755725860596	0.0	1.0	0.11659799516201019	0.7560881972312927	1.0	1	0.0	0	0.0	0	0.0	-0.4059046804904938	0.9139153957366943	1.0	0.0	0.0	0.0	0.9139154553413391	0.40590471029281616
0.30639755725860596	0.0	1.0	0.17489692568778992	0.7560881972312927	1.0	1	0.0	0	0.0	0	0.0	-0.4059046804904938	0.9139153957366943	1.0	0.0	0.0	0.0	0.9139153957366943	0.4059046804904938
-0.30639755725860596	1.0	0.0	0.6377386450767517	0.2500000298023224	1.0	1	0.0	0	0.0	0	-1.0	0.0	0.0	0.0	-1.0	8.884378388529512e-08	0.0	8.884378388529512e-08	1.0
-0.30639755725860596	0.0	-1.0	0.7328747510910034	0.15900561213493347	1.0	1	0.0	0	0.0	0	-1.0	0.0	0.0	0.0	-1.0	4.0629142716852584e-08	0.0	4.0629142716852584e-08	1.0
-0.30639755725860596	0.0	0.0	0.7328747510910034	0.2500000298023224	1.0	1	0.0	0	0.0	0	-1.0	0.0	0.0	0.0	-1.0	0.0	0.0	0.0	1.0
0.30639755725860596	-1.0	0.0	0.058298930525779724	0.75	1.0	1	0.0	0	0.0	0	0.0	-0.8353740572929382	-0.5496819019317627	1.0	0.0	0.0	0.0	-0.5496819019317627	0.8353740572929382
-0.30639755725860596	-2.8078222274780273	2.7474215030670166	5.670552916114957e-09	0.9999999403953552	1.0	1	0.0	0	0.0	0	0.0	-0.8353740572929382	-0.5496819019317627	1.0	0.0	0.0	0.0	-0.5496819019317627	0.8353740572929382
-0.30639755725860596	-1.0	0.0	0.0	0.75	1.0	1	0.0	0	0.0	0	0.0	-0.8353740572929382	-0.5496819019317627	1.0	0.0	0.0	0.0	-0.5496819019317627	0.8353740572929382
0.30639755725860596	1.0	0.0	0.1377386450767517	0.25000014901161194	1.0	1	0.0	0	0.0	0	1.0	0.0	0.0	0.0	-1.0	-3.846761842396518e-07	0.0	3.846761842396518e-07	-1.0
0.30639755725860596	0.0	1.0	0.23287470638751984	0.15900570154190063	1.0	1	0.0	0	0.0	0	1.0	0.0	0.0	0.0	-1.0	-3.640832062501431e-07	0.0	3.640832062501431e-07	-1.0
0.30639755725860596	0.0	0.0	0.23287475109100342	0.25000011920928955	1.0	1	0.0	0	0.0	0	1.0	0.0	0.0	0.0	-1.0	-3.275182223205775e-07	0.0	3.275182223205775e-07	-1.0
-0.30639755725860596	2.447805881500244	-2.0871639251708984	0.05829905718564987	0.5	1.0	1	0.0	0	0.0	0	0.0	-0.4059046804904938	-0.9139153957366943	1.0	0.0	0.0	0.0	-0.9139154553413391	0.40590471029281616
0.30639755725860596	0.0	-1.0	0.11659792810678482	0.72236567735672	1.0	1	0.0	0	0.0	0	0.0	-0.4059046804904938	-0.9139153957366943	1.0	0.0	0.0	0.0	-0.9139154553413391	0.40590471029281616
-0.30639755725860596	0.0	-1.0	0.0582989938557148	0.72236567735672	1.0	1	0.0	0	0.0	0	0.0	-0.4059046804904938	-0.9139153957366943	1.0	0.0	0.0	0.0	-0.9139153957366943	0.4059046804904938
-0.30639755725860596	0.0	-1.0	0.0582989938557148	0.72236567735672	1.0	1	0.0	0	0.0	0	0.0	0.5283743143081665	-0.8490116000175476	1.0	0.0	0.0	0.0	-0.8490116000175476	-0.5283743143081665
0.30639755725860596	-2.8078222274780273	-2.7474215030670166	0.11659799516201019	0.9784538149833679	1.0	1	0.0	0	0.0	0	0.0	0.5283743143081665	-0.8490116000175476	1.0	0.0	0.0	0.0	-0.8490116000175476	-0.5283743143081665
-0.30639755725860596	-2.8078222274780273	-2.7474215030670166	0.05829906836152077	0.9784538149833679	1.0	1	0.0	0	0.0	0	0.0	0.5283743143081665	-0.8490116000175476	1.0	0.0	0.0	0.0	-0.8490116000175476	-0.5283743143081665
0.30639755725860596	-1.0	0.0	0.32801082730293274	0.25000008940696716	1.0	1	0.0	0	0.0	0	1.0	0.0	0.0	0.0	-1.0	-3.135782264962472e-07	0.0	3.135782264962472e-07	-1.0
0.30639755725860596	-2.8078222274780273	2.7474215030670166	0.49999991059303284	0.0	1.0	1	0.0	0	0.0	0	1.0	0.0	0.0	0.0	-1.0	-3.594957433961099e-07	0.0	3.594957433961099e-07	-1.0
-0.30639755725860596	-1.0	0.0	0.8280108571052551	0.2500000298023224	1.0	1	0.0	0	0.0	0	-1.0	0.0	0.0	0.0	-1.0	-2.2834102608726425e-08	0.0	-2.2834102608726425e-08	1.0
-0.30639755725860596	-2.8078222274780273	-2.7474215030670166	1.0	0.0	1.0	1	0.0	0	0.0	0	-1.0	0.0	0.0	0.0	-1.0	0.0	0.0	0.0	1.0
0.30639755725860596	0.0	1.0	0.17489692568778992	0.7560881972312927	1.0	1	0.0	0	0.0	0	0.0	0.5283743143081665	0.8490116000175476	1.0	0.0	0.0	0.0	0.8490116000175476	-0.5283743143081665
-0.30639755725860596	-2.8078222274780273	2.7474215030670166	0.11659803241491318	0.5	1.0	1	0.0	0	0.0	0	0.0	0.5283743143081665	0.8490116000175476	1.0	0.0	0.0	0.0	0.8490116000175476	-0.5283743143081665
0.30639755725860596	-2.8078222274780273	2.7474215030670166	0.1748969554901123	0.5	1.0	1	0.0	0	0.0	0	0.0	0.5283743143081665	0.8490116000175476	1.0	0.0	0.0	0.0	0.8490116000175476	-0.5283743143081665
-0.30639755725860596	0.0	1.0	0.7328747510910034	0.3409944176673889	1.0	1	0.0	0	0.0	0	-1.0	0.0	0.0	0.0	-1.0	1.7186756906539813e-08	0.0	1.7186756906539813e-08	1.0
-0.30639755725860596	-2.8078222274780273	2.7474215030670166	1.0	0.5	1.0	1	0.0	0	0.0	0	-1.0	0.0	0.0	0.0	-1.0	-7.1899172837675e-08	0.0	-7.1899172837675e-08	1.0
0.30639755725860596	0.0	-1.0	0.2328747808933258	0.3409945070743561	1.0	1	0.0	0	0.0	0	1.0	0.0	0.0	0.0	-1.0	-3.2891972523430013e-07	0.0	3.2891972523430013e-07	-1.0
0.30639755725860596	-2.8078222274780273	-2.7474215030670166	0.5000000596046448	0.5	1.0	1	0.0	0	0.0	0	1.0	0.0	0.0	0.0	-1.0	-2.5164709427372145e-07	0.0	2.5164709427372145e-07	-1.0
0.30639755725860596	-2.8078222274780273	-2.7474215030670166	0.0582989938557148	0.5	1.0	1	0.0	0	0.0	0	0.0	-0.8353740572929382	0.5496819019317627	1.0	0.0	0.0	0.0	0.5496819019317627	0.8353740572929382
-0.30639755725860596	-1.0	0.0	0.0	0.75	1.0	1	0.0	0	0.0	0	0.0	-0.8353740572929382	0.5496819019317627	1.0	0.0	0.0	0.0	0.5496819019317627	0.8353740572929382
-0.30639755725860596	-2.8078222274780273	-2.7474215030670166	6.237608118908611e-08	0.5	1.0	1	0.0	0	0.0	0	0.0	-0.8353740572929382	0.5496819019317627	1.0	0.0	0.0	0.0	0.5496819019317627	0.8353740572929382
-0.30639755725860596	2.447805881500244	-2.0871639251708984	0.23319590091705322	0.5	1.0	1	0.0	0	0.0	0	0.0	0.8216675519943237	0.5699672102928162	-1.0	0.0	0.0	0.0	-0.5699672102928162	0.8216675519943237
0.30639755725860596	1.0	0.0	0.1748969852924347	0.6899202466011047	1.0	1	0.0	0	0.0	0	0.0	0.8216675519943237	0.5699672102928162	-1.0	0.0	0.0	0.0	-0.5699672102928162	0.8216675519943237
0.30639755725860596	2.447805881500244	-2.0871639251708984	0.1748969703912735	0.5	1.0	1	0.0	0	0.0	0	0.0	0.8216675519943237	0.5699672102928162	-1.0	0.0	0.0	0.0	-0.5699672102928162	0.8216675519943237
1.529754740658973e-07	-0.7071067690849304	-0.707106351852417	0.6367459297180176	0.6907963156700134	1.0	1	0.0	0	0.0	0	0.06236078217625618	-0.7715050578117371	-0.6331596374511719	0.026408247649669647	-0.6328967809677124	0.7737857103347778	-0.9977042078971863	-0.06497450917959213	-0.019093839451670647
0.10838643461465836	-0.8314696550369263	-0.5448950529098511	0.6525207757949829	0.68144291639328	1.0	1	0.0	0	0.0	0	0.06236078217625618	-0.7715050578117371	-0.6331596374511719	0.026408247649669647	-0.6328967809677124	0.7737857103347778	-0.9977042078971863	-0.06497450917959213	-0.019093839451670647
0.0	-0.8314696550369263	-0.5555701851844788	0.651154100894928	0.691266655921936	1.0	1	0.0	0	0.0	0	0.06236078217625618	-0.7715050578117371	-0.6331596374511719	0.026408245787024498	-0.6328967809677124	0.7737857103347778	-0.9977042078971863	-0.06497450917959213	-0.019093841314315796
0.0	0.5555701851844788	-0.8314696550369263	0.4350101053714752	0.6148534417152405	1.0	1	0.0	0	0.0	0	0.08653593063354492	0.4696282148361206	-0.8786130547523499	-0.9952036142349243	0.00036461444688029587	-0.09782422333955765	-0.04562065750360489	0.8828641772270203	0.4674072563648224
0.18024000525474548	0.3826834261417389	-0.906127393245697	0.41786277294158936	0.5990964770317078	1.0	1	0.0	0	0.0	0	0.08653593063354492	0.4696282148361206	-0.8786130547523499	-0.9952036142349243	0.0003646179393399507	-0.09782422333955765	-0.04562065750360489	0.8828641772270203	0.4674072563648224
0.0	0.3826834261417389	-0.9238795042037964	0.4350101053714752	0.5990904569625854	1.0	1	0.0	0	0.0	0	0.08653593063354492	0.4696282148361206	-0.8786130547523499	-0.9952036142349243	0.0003646179393399507	-0.09782421588897705	-0.04562065750360489	0.8828641772270203	0.4674072563648224
0.0	-0.8314696550369263	-0.5555701851844788	0.651154100894928	0.691266655921936	1.0	1	0.0	0	0.0	0	0.04637628048658371	-0.8809728622436523	-0.47088879346847534	0.03010624647140503	-0.4699491262435913	0.8821799755096436	-0.9984703063964844	-0.05508892238140106	0.004728292115032673
0.0746578723192215	-0.9238796234130859	-0.3753301203250885	0.6685336828231812	0.6850365400314331	1.0	1	0.0	0	0.0	0	0.04637628048658371	-0.8809728622436523	-0.47088879346847534	0.03010624460875988	-0.4699491262435913	0.8821799159049988	-0.9984703063964844	-0.055088914930820465	0.004728291649371386
7.846966099123165e-08	-0.9238796234130859	-0.3826829195022583	0.6675923466682434	0.6918032169342041	1.0	1	0.0	0	0.0	0	0.04637628048658371	-0.8809728622436523	-0.47088879346847534	0.03010624460875988	-0.4699491560459137	0.8821799755096436	-0.9984702467918396	-0.055088914930820465	0.004728289321064949
0.0	0.3826834261417389	-0.9238795042037964	0.4350101053714752	0.5990904569625854	1.0	1	0.0	0	0.0	0	0.09383473545312881	0.2890039384365082	-0.9527181386947632	-0.9951953887939453	0.00036409389576874673	-0.09790793806314468	-0.027948901057243347	0.9573278427124023	0.287649542093277
0.19134177267551422	0.19509035348892212	-0.9619396924972534	0.41680657863616943	0.5820077061653137	1.0	1	0.0	0	0.0	0	0.09383473545312881	0.2890039384365082	-0.9527181386947632	-0.9951954483985901	0.0003640917711891234	-0.09790794551372528	-0.027948901057243347	0.9573277831077576	0.287649542093277
0.0	0.19509035348892212	-0.9807852506637573	0.4350101053714752	0.5820013284683228	1.0	1	0.0	0	0.0	0	0.09383473545312881	0.2890039384365082	-0.9527181386947632	-0.9951954483985901	0.0003640939248725772	-0.09790794551372528	-0.027948899194598198	0.9573277831077576	0.287649542093277
7.846966099123165e-08	-0.9238796234130859	-0.3826829195022583	0.6675923466682434	0.6918032169342041	1.0	1	0.0	0	0.0	0	0.028577638790011406	-0.9565495252609253	-0.2901659905910492	0.0326496958732605	-0.2892364263534546	0.9567007422447205	-0.999058187007904	-0.03681407868862152	0.022965356707572937
0.038060251623392105	-0.9807853102684021	-0.19134147465229034	0.6859087347984314	0.6889358162879944	1.0	1	0.0	0	0.0	0	0.028577638790011406	-0.9565495252609253	-0.2901659905910492	0.0326496921479702	-0.2892364263534546	0.9567006826400757	-0.9990582466125488	-0.03681408241391182	0.022965356707572937
1.513972591737911e-08	-0.9807853102684021	-0.1950899213552475	0.6854287981987	0.6923854351043701	1.0	1	0.0	0	0.0	0	0.028577638790011406	-0.9565495252609253	-0.2901659905910492	0.0326496958732605	-0.2892364263534546	0.9567008018493652	-0.9990582466125488	-0.03681408241391182	0.022965354844927788
0.0	0.19509035348892212	-0.9807852506637573	0.4350101053714752	0.5820013284683228	1.0	1	0.0	0	0.0	0	0.09754979610443115	0.09754984080791473	-0.9904384016990662	-0.9951881170272827	0.0003674437466543168	-0.09798140823841095	-0.009194140322506428	0.9952306151390076	0.09711628407239914
0.1950903832912445	7.549790126404332e-08	-0.9807852506637573	0.41644996404647827	0.5642493367195129	1.0	1	0.0	0	0.0	0	0.09754979610443115	0.09754984080791473	-0.9904384016990662	-0.9951881766319275	0.00036744377575814724	-0.09798141568899155	-0.009194140322506428	0.9952305555343628	0.09711627662181854
0.0	7.549790126404332e-08	-1.0	0.4350101053714752	0.5642427802085876	1.0	1	0.0	0	0.0	0	0.09754979610443115	0.09754984080791473	-0.9904384016990662	-0.9951881766319275	0.00036744450335390866	-0.09798141568899155	-0.009194139391183853	0.9952305555343628	0.09711627662181854
0.0	0.9807852506637573	-0.19509032368659973	0.5509642958641052	0.693596363067627	1.0	1	0.0	0	0.0	0	0.009653393179178238	0.9951383471488953	-0.09801243245601654	0.033945731818675995	0.09763438254594803	0.9946433305740356	0.9993771314620972	-0.012928787618875504	-0.03283819556236267
-2.304045381151809e-07	1.0	5.562458795793646e-07	0.5695136785507202	0.6929908394813538	1.0	1	0.0	0	0.0	0	0.009653393179178238	0.9951383471488953	-0.09801243245601654	0.03394573554396629	0.09763437509536743	0.9946432709693909	0.9993770718574524	-0.012928786687552929	-0.03283819928765297
0.03806029632687569	0.9807852506637573	-0.19134171307086945	0.5514442324638367	0.6970459818840027	1.0	1	0.0	0	0.0	0	0.009653393179178238	0.9951383471488953	-0.09801243245601654	0.033945731818675995	0.09763437509536743	0.9946432709693909	0.9993770718574524	-0.012928785756230354	-0.03283819556236267
0.0	-1.0	3.2584136988589307e-07	0.7039781212806702	0.6929908990859985	1.0	1	0.0	0	0.0	0	0.009652974084019661	-0.9951383471488953	-0.09801245480775833	0.03394355997443199	-0.0976344496011734	0.9946433901786804	-0.9993771910667419	-0.012928158976137638	0.032836075872182846
1.513972591737911e-08	-0.9807853102684021	-0.1950899213552475	0.6854287981987	0.6923854351043701	1.0	1	0.0	0	0.0	0	0.009652974084019661	-0.9951383471488953	-0.09801245480775833	0.03394355997443199	-0.0976344421505928	0.9946433305740356	-0.9993771314620972	-0.012928158044815063	0.032836075872182846
0.038060251623392105	-0.9807853102684021	-0.19134147465229034	0.6859087347984314	0.6889358162879944	1.0	1	0.0	0	0.0	0	0.009652974084019661	-0.9951383471488953	-0.09801245480775833	0.03394355997443199	-0.0976344421505928	0.9946433305740356	-0.9993771314620972	-0.012928158044815063	0.032836075872182846
0.0	7.549790126404332e-08	-1.0	0.4350101053714752	0.5642427802085876	1.0	1	0.0	0	0.0	0	0.09754985570907593	-0.09754954278469086	-0.9904383420944214	-0.9951810836791992	0.00036808979348279536	-0.0980532243847847	0.009929617866873741	0.9952306747436523	-0.09704357385635376
0.19134178757667542	-0.19509020447731018	-0.9619397521018982	0.41680657863616943	0.5465037226676941	1.0	1	0.0	0	0.0	0	0.09754985570907593	-0.09754954278469086	-0.9904383420944214	-0.9951810836791992	0.0003680904919747263	-0.0980532243847847	0.009929618798196316	0.9952306747436523	-0.09704357385635376
0.0	-0.19509020447731018	-0.9807853102684021	0.4350101053714752	0.5464972853660583	1.0	1	0.0	0	0.0	0	0.09754985570907593	-0.09754954278469086	-0.9904383420944214	-0.9951810836791992	0.0003680897643789649	-0.0980532243847847	0.009929617866873741	0.9952305555343628	-0.09704355150461197
0.0	0.9807852506637573	-0.19509032368659973	0.5509642958641052	0.693596363067627	1.0	1	0.0	0	0.0	0	0.028578845784068108	0.9565495252609253	-0.29016607999801636	0.032649993896484375	0.289236456155777	0.9567007422447205	0.9990581274032593	-0.03681531921029091	-0.022965291514992714
0.07465790957212448	0.9238795042037964	-0.3753302991390228	0.5340692400932312	0.700945258140564	1.0	1	0.0	0	0.0	0	0.028578845784068108	0.9565495252609253	-0.29016607999801636	0.03264999017119408	0.28923648595809937	0.9567007422447205	0.9990582466125488	-0.03681532293558121	-0.022965287789702415
0.0	0.9238795042037964	-0.3826834559440613	0.5331278443336487	0.694178581237793	1.0	1	0.0	0	0.0	0	0.028578845784068108	0.9565495252609253	-0.29016607999801636	0.03264998644590378	0.289236456155777	0.9567006826400757	0.999058187007904	-0.03681531921029091	-0.022965285927057266
0.0	-0.19509020447731018	-0.9807853102684021	0.4350101053714752	0.5464972853660583	1.0	1	0.0	0	0.0	0	0.09383179247379303	-0.2890065014362335	-0.952717661857605	-0.9951741695404053	0.00036574911791831255	-0.09812422841787338	0.0287069920450449	0.9573270678520203	-0.28757745027542114
0.18024002015590668	-0.38268327713012695	-0.9061274528503418	0.41786277294158936	0.5294528603553772	1.0	1	0.0	0	0.0	0	0.09383179247379303	-0.2890065014362335	-0.952717661857605	-0.9951741099357605	0.0003657533961813897	-0.09812421351671219	0.028706995770335197	0.957327127456665	-0.28757745027542114
6.356849979738399e-08	-0.38268327713012695	-0.9238790273666382	0.43501007556915283	0.5294468402862549	1.0	1	0.0	0	0.0	0	0.09383179247379303	-0.2890065014362335	-0.952717661857605	-0.9951740503311157	0.00036575336707755923	-0.09812420606613159	0.028706993907690048	0.9573270678520203	-0.28757745027542114
0.0	0.8314695954322815	-0.5555702447891235	0.5166895985603333	0.694715142250061	1.0	1	0.0	0	0.0	0	0.04637858644127846	0.8809723258018494	-0.47088947892189026	0.030107738450169563	0.46994972229003906	0.8821794986724854	0.99847012758255	-0.05509165674448013	-0.0047284807078540325
0.07465790957212448	0.9238795042037964	-0.3753302991390228	0.5340692400932312	0.700945258140564	1.0	1	0.0	0	0.0	0	0.04637858644127846	0.8809723258018494	-0.47088947892189026	0.030107742175459862	0.46994978189468384	0.8821795582771301	0.9984700679779053	-0.055091653019189835	-0.0047284807078540325
0.10838644951581955	0.8314695954322815	-0.5448951125144958	0.518056333065033	0.704538881778717	1.0	1	0.0	0	0.0	0	0.04637858644127846	0.8809723258018494	-0.47088947892189026	0.03010774403810501	0.4699498116970062	0.8821796178817749	0.99847012758255	-0.05509165674448013	-0.00472848117351532
6.356849979738399e-08	-0.38268327713012695	-0.9238790273666382	0.43501007556915283	0.5294468402862549	1.0	1	0.0	0	0.0	0	0.08653125166893005	-0.46962970495224	-0.8786128163337708	-0.995166003704071	0.0003664561954792589	-0.09820600599050522	0.0464424304664135	0.882863461971283	-0.4673278033733368
0.16221174597740173	-0.5555701851844788	-0.8154931664466858	0.4195778965950012	0.5137520432472229	1.0	1	0.0	0	0.0	0	0.08653125166893005	-0.46962970495224	-0.8786128163337708	-0.9951660633087158	0.00036645980435423553	-0.09820602089166641	0.046442434191703796	0.882863461971283	-0.4673277735710144
2.7218476361667854e-07	-0.5555701851844788	-0.8314687609672546	0.43501007556915283	0.5137466192245483	1.0	1	0.0	0	0.0	0	0.08653125166893005	-0.46962970495224	-0.8786128163337708	-0.9951660633087158	0.0003664562536869198	-0.09820602089166641	0.0464424304664135	0.882863461971283	-0.4673277735710144
0.0	0.8314695954322815	-0.5555702447891235	0.5166895985603333	0.694715142250061	1.0	1	0.0	0	0.0	0	0.0623607411980629	0.7715058922767639	-0.6331585645675659	0.026409205049276352	0.6328956484794617	0.7737866044044495	0.997704267501831	-0.06497512012720108	0.01909298449754715
0.13794974982738495	0.7071067690849304	-0.6935198903083801	0.5040209293365479	0.7076886296272278	1.0	1	0.0	0	0.0	0	0.0623607411980629	0.7715058922767639	-0.6331585645675659	0.026409205049276352	0.6328956484794617	0.7737866044044495	0.997704267501831	-0.06497512012720108	0.01909298449754715
0.0	0.7071067690849304	-0.7071067690849304	0.5022814273834229	0.6951854825019836	1.0	1	0.0	0	0.0	0	0.0623607411980629	0.7715058922767639	-0.6331585645675659	0.026409201323986053	0.6328955888748169	0.7737865447998047	0.997704267501831	-0.06497512757778168	0.01909298449754715
2.7218476361667854e-07	-0.5555701851844788	-0.8314687609672546	0.43501007556915283	0.5137466192245483	1.0	1	0.0	0	0.0	0	0.07591313123703003	-0.6325613856315613	-0.7707810401916504	-0.9951556921005249	0.00036496372194960713	-0.09831099957227707	0.06246905028820038	0.7745102643966675	-0.6294693350791931
0.13794974982738495	-0.7071067690849304	-0.6935198903083801	0.4218861162662506	0.5000045895576477	1.0	1	0.0	0	0.0	0	0.07591313123703003	-0.6325613856315613	-0.7707810401916504	-0.9951556921005249	0.00036496372194960713	-0.09831099957227707	0.06246905028820038	0.7745102643966675	-0.6294693350791931
1.529754740658973e-07	-0.7071067690849304	-0.707106351852417	0.43501007556915283	0.5	1.0	1	0.0	0	0.0	0	0.07591313123703003	-0.6325613856315613	-0.7707810401916504	-0.9951556921005249	0.0003649684367701411	-0.09831099957227707	0.06246905401349068	0.7745102643966675	-0.6294693350791931
0.0	0.7071067690849304	-0.7071067690849304	0.4350101053714752	0.6286846399307251	1.0	1	0.0	0	0.0	0	0.07591529935598373	0.6325626969337463	-0.7707797288894653	-0.9952138066291809	0.0003646432887762785	-0.0977209061384201	-0.06153354048728943	0.7745091319084167	0.6295627951622009
0.16221174597740173	0.5555701851844788	-0.8154931664466858	0.4195779263973236	0.614858865737915	1.0	1	0.0	0	0.0	0	0.07591529935598373	0.6325626969337463	-0.7707797288894653	-0.9952138662338257	0.0003646386321634054	-0.0977209210395813	-0.061533551663160324	0.7745091915130615	0.6295627951622009
0.0	0.5555701851844788	-0.8314696550369263	0.4350101053714752	0.6148534417152405	1.0	1	0.0	0	0.0	0	0.07591529935598373	0.6325626969337463	-0.7707797288894653	-0.9952138662338257	0.0003646386321634054	-0.0977209210395813	-0.061533551663160324	0.7745091915130615	0.6295627951622009
0.13794974982738495	-0.7071067690849304	-0.6935198903083801	0.4218861162662506	0.5000045895576477	1.0	1	0.0	0	0.0	0	0.22482837736606598	-0.6325626373291016	-0.7411590814590454	-0.956680953502655	0.0010900369379669428	-0.29113662242889404	0.18497002124786377	0.7745084762573242	-0.60491544008255
0.3181897699832916	-0.5555701851844788	-0.7681776881217957	0.40473878383636475	0.5137681365013123	1.0	1	0.0	0	0.0	0	0.22482837736606598	-0.6325626373291016	-0.7411590814590454	-0.956680953502655	0.0010900369379669428	-0.29113662242889404	0.18497002124786377	0.7745084762573242	-0.60491544008255
0.2705981731414795	-0.7071067690849304	-0.6532813906669617	0.4092664420604706	0.500018298625946	1.0	1	0.0	0	0.0	0	0.22482837736606598	-0.6325626373291016	-0.7411590814590454	-0.956680953502655	0.0010900369379669428	-0.29113662242889404	0.18497002124786377	0.7745084762573242	-0.60491544008255
0.13794974982738495	0.7071067690849304	-0.6935198903083801	0.4218861162662506	0.6286892294883728	1.0	1	0.0	0	0.0	0	0.22482842206954956	0.6325626373291016	-0.7411590218544006	-0.9571958184242249	0.001081941882148385	-0.2894391417503357	-0.18228650093078613	0.7745084762573242	0.6057295799255371
0.3181897699832916	0.5555701851844788	-0.7681776881217957	0.40473878383636475	0.6148749589920044	1.0	1	0.0	0	0.0	0	0.22482842206954956	0.6325626373291016	-0.7411590218544006	-0.9571957588195801	0.0010819417657330632	-0.2894391417503357	-0.18228650093078613	0.7745084166526794	0.6057295203208923
0.16221174597740173	0.5555701851844788	-0.8154931664466858	0.4195779263973236	0.614858865737915	1.0	1	0.0	0	0.0	0	0.22482842206954956	0.6325626373291016	-0.7411590218544006	-0.9571958184242249	0.001081941882148385	-0.2894391417503357	-0.18228650093078613	0.7745084762573242	0.6057295799255371
0.13794974982738495	-0.7071067690849304	-0.6935198903083801	0.6384853720664978	0.6782931685447693	1.0	1	0.0	0	0.0	0	0.1846858263015747	-0.7715058922767639	-0.6088266968727112	0.026884937658905983	-0.6152854561805725	0.7878457903862	-0.9824298620223999	-0.1618722379207611	-0.0928926169872284
0.21260762214660645	-0.8314696550369263	-0.5132798552513123	0.655864953994751	0.6720630526542664	1.0	1	0.0	0	0.0	0	0.1846858263015747	-0.7715058922767639	-0.6088266968727112	0.02688492462038994	-0.6152853965759277	0.7878458499908447	-0.9824298620223999	-0.16187222301959991	-0.0928926169872284
0.10838643461465836	-0.8314696550369263	-0.5448950529098511	0.6525207757949829	0.68144291639328	1.0	1	0.0	0	0.0	0	0.1846858263015747	-0.7715058922767639	-0.6088266968727112	0.026884939521551132	-0.6152854561805725	0.7878457903862	-0.9824298620223999	-0.1618722379207611	-0.0928926169872284
0.16221174597740173	0.5555701851844788	-0.8154931664466858	0.4195779263973236	0.614858865737915	1.0	1	0.0	0	0.0	0	0.25628215074539185	0.4696282744407654	-0.8448484539985657	-0.9571068286895752	0.0010830144165083766	-0.2897333800792694	-0.13515199720859528	0.8828636407852173	0.44976192712783813
0.3535534739494324	0.3826834261417389	-0.853553295135498	0.4013743996620178	0.5991143584251404	1.0	1	0.0	0	0.0	0	0.25628215074539185	0.4696282744407654	-0.8448484539985657	-0.9571067690849304	0.0010830212850123644	-0.289733350276947	-0.13515198230743408	0.8828637003898621	0.4497619569301605
0.18024000525474548	0.3826834261417389	-0.906127393245697	0.41786277294158936	0.5990964770317078	1.0	1	0.0	0	0.0	0	0.25628215074539185	0.4696282744407654	-0.8448484539985657	-0.9571067690849304	0.0010830212850123644	-0.289733350276947	-0.13515198230743408	0.8828637003898621	0.4497619569301605
0.10838643461465836	-0.8314696550369263	-0.5448950529098511	0.6525207757949829	0.68144291639328	1.0	1	0.0	0	0.0	0	0.13735331594944	-0.8809722661972046	-0.4527934491634369	0.030405526980757713	-0.45316067337989807	0.8909102082252502	-0.9900553226470947	-0.13613688945770264	-0.03545669466257095
0.14644667506217957	-0.9238796234130859	-0.35355323553085327	0.6708372235298157	0.6785755157470703	1.0	1	0.0	0	0.0	0	0.13735331594944	-0.8809722661972046	-0.4527934491634369	0.030405525118112564	-0.4531606435775757	0.8909101486206055	-0.9900553226470947	-0.13613688945770264	-0.03545669466257095
0.0746578723192215	-0.9238796234130859	-0.3753301203250885	0.6685336828231812	0.6850365400314331	1.0	1	0.0	0	0.0	0	0.13735331594944	-0.8809722661972046	-0.4527934491634369	0.030405526980757713	-0.45316067337989807	0.8909102082252502	-0.9900553226470947	-0.13613688945770264	-0.03545669466257095
0.18024000525474548	0.3826834261417389	-0.906127393245697	0.41786277294158936	0.5990964770317078	1.0	1	0.0	0	0.0	0	0.2778977155685425	0.289003849029541	-0.9161056280136108	-0.9570345282554626	0.0010822075419127941	-0.2899719476699829	-0.08281160145998001	0.9573273658752441	0.2768874168395996
0.37533038854599	0.19509035348892212	-0.9061273336410522	0.3993026316165924	0.5820266604423523	1.0	1	0.0	0	0.0	0	0.2778977155685425	0.289003849029541	-0.9161056280136108	-0.9570345282554626	0.001082198927178979	-0.2899719476699829	-0.08281160891056061	0.9573273658752441	0.2768874168395996
0.19134177267551422	0.19509035348892212	-0.9619396924972534	0.41680657863616943	0.5820077061653137	1.0	1	0.0	0	0.0	0	0.2778977155685425	0.289003849029541	-0.9161056280136108	-0.9570345878601074	0.0010821990435943007	-0.2899719774723053	-0.08281160891056061	0.9573273658752441	0.2768874168395996
0.0746578723192215	-0.9238796234130859	-0.3753301203250885	0.6685336828231812	0.6850365400314331	1.0	1	0.0	0	0.0	0	0.08463823050260544	-0.9565495848655701	-0.27901479601860046	0.03276973217725754	-0.27719590067863464	0.9602544903755188	-0.9958727955818176	-0.09041748195886612	0.007884504273533821
0.0746578648686409	-0.9807853102684021	-0.1802397072315216	0.6870830655097961	0.6856420040130615	1.0	1	0.0	0	0.0	0	0.08463823050260544	-0.9565495848655701	-0.27901479601860046	0.03276973217725754	-0.27719590067863464	0.960254430770874	-0.9958727359771729	-0.09041747450828552	0.007884504273533821
0.038060251623392105	-0.9807853102684021	-0.19134147465229034	0.6859087347984314	0.6889358162879944	1.0	1	0.0	0	0.0	0	0.08463823050260544	-0.9565495848655701	-0.27901479601860046	0.03276973217725754	-0.27719590067863464	0.9602544903755188	-0.9958727955818176	-0.09041748195886612	0.007884503342211246
0.19134177267551422	0.19509035348892212	-0.9619396924972534	0.41680657863616943	0.5820077061653137	1.0	1	0.0	0	0.0	0	0.2889004051685333	0.0975499227643013	-0.9523763060569763	-0.9569705128669739	0.0010822841431945562	-0.2901831865310669	-0.027276605367660522	0.9952300786972046	0.09366507083177567
0.38268354535102844	7.549790126404332e-08	-0.9238794445991516	0.39860308170318604	0.5642686486244202	1.0	1	0.0	0	0.0	0	0.2889004051685333	0.0975499227643013	-0.9523763060569763	-0.9569704532623291	0.001082289731130004	-0.2901831865310669	-0.027276599779725075	0.9952300190925598	0.09366507083177567
0.1950903832912445	7.549790126404332e-08	-0.9807852506637573	0.41644996404647827	0.5642493367195129	1.0	1	0.0	0	0.0	0	0.2889004051685333	0.0975499227643013	-0.9523763060569763	-0.9569705128669739	0.00108228693716228	-0.2901831865310669	-0.027276601642370224	0.9952300786972046	0.09366507083177567
0.03806029632687569	0.9807852506637573	-0.19134171307086945	0.5514442324638367	0.6970459818840027	1.0	1	0.0	0	0.0	0	0.028589123860001564	0.99513840675354	-0.09424588084220886	0.03395812585949898	0.09326308965682983	0.9950622916221619	0.9990142583847046	-0.03164836764335632	-0.0311267226934433
-2.304045381151809e-07	1.0	5.562458795793646e-07	0.5695136785507202	0.6929908394813538	1.0	1	0.0	0	0.0	0	0.028589123860001564	0.99513840675354	-0.09424588084220886	0.033958129584789276	0.09326308965682983	0.9950622916221619	0.9990142583847046	-0.03164836764335632	-0.031126726418733597
0.07465796172618866	0.9807852506637573	-0.1802399456501007	0.5526185631752014	0.7003397941589355	1.0	1	0.0	0	0.0	0	0.028589123860001564	0.99513840675354	-0.09424588084220886	0.033958129584789276	0.09326308965682983	0.9950622916221619	0.9990142583847046	-0.03164836764335632	-0.031126726418733597
0.0	-1.0	3.2584136988589307e-07	0.7039781212806702	0.6929908990859985	1.0	1	0.0	0	0.0	0	0.028589164838194847	-0.9951383471488953	-0.09424581378698349	0.033956073224544525	-0.09326309710741043	0.9950623512268066	-0.9990143775939941	-0.031648218631744385	0.031124677509069443
0.038060251623392105	-0.9807853102684021	-0.19134147465229034	0.6859087347984314	0.6889358162879944	1.0	1	0.0	0	0.0	0	0.028589164838194847	-0.9951383471488953	-0.09424581378698349	0.033956076949834824	-0.09326309710741043	0.9950623512268066	-0.9990143775939941	-0.031648218631744385	0.03112468123435974
0.0746578648686409	-0.9807853102684021	-0.1802397072315216	0.6870830655097961	0.6856420040130615	1.0	1	0.0	0	0.0	0	0.028589164838194847	-0.9951383471488953	-0.09424581378698349	0.033956073224544525	-0.09326309710741043	0.9950622916221619	-0.9990143179893494	-0.031648218631744385	0.031124677509069443
0.19134178757667542	-0.19509020447731018	-0.9619397521018982	0.41680657863616943	0.5465037226676941	1.0	1	0.0	0	0.0	0	0.2889006435871124	-0.09754981845617294	-0.9523762464523315	-0.9569087624549866	0.0010837775189429522	-0.2903865575790405	0.029359320178627968	0.9952300786972046	-0.09303317964076996
0.38268354535102844	7.549790126404332e-08	-0.9238794445991516	0.39860308170318604	0.5642686486244202	1.0	1	0.0	0	0.0	0	0.2889006435871124	-0.09754981845617294	-0.9523762464523315	-0.9569088220596313	0.001083777635358274	-0.2903865873813629	0.029359320178627968	0.9952300190925598	-0.09303317219018936
0.37533038854599	-0.19509020447731018	-0.9061273336410522	0.3993026316165924	0.5465226769447327	1.0	1	0.0	0	0.0	0	0.2889006435871124	-0.09754981845617294	-0.9523762464523315	-0.9569087624549866	0.0010837775189429522	-0.2903865575790405	0.029359320178627968	0.9952300786972046	-0.09303317964076996
0.03806029632687569	0.9807852506637573	-0.19134171307086945	0.5514442324638367	0.6970459818840027	1.0	1	0.0	0	0.0	0	0.08463826030492783	0.9565495252609253	-0.2790151834487915	0.0327705480158329	0.2771961987018585	0.9602543115615845	0.9958726763725281	-0.09041772782802582	-0.007885248400270939
0.14644673466682434	0.9238795042037964	-0.3535534143447876	0.536372721195221	0.7074062824249268	1.0	1	0.0	0	0.0	0	0.08463826030492783	0.9565495252609253	-0.2790151834487915	0.0327705517411232	0.2771962285041809	0.9602543711662292	0.9958727359771729	-0.09041772782802582	-0.007885249331593513
0.07465790957212448	0.9238795042037964	-0.3753302991390228	0.5340692400932312	0.700945258140564	1.0	1	0.0	0	0.0	0	0.08463826030492783	0.9565495252609253	-0.2790151834487915	0.0327705480158329	0.2771962285041809	0.9602543711662292	0.9958727359771729	-0.09041772782802582	-0.00788524467498064
0.18024002015590668	-0.38268327713012695	-0.9061274528503418	0.41786277294158936	0.5294528603553772	1.0	1	0.0	0	0.0	0	0.27789780497550964	-0.2890036106109619	-0.9161057472229004	-0.9568444490432739	0.0010862004710361362	-0.29059842228889465	0.08497907221317291	0.9573273658752441	-0.2762296795845032
0.37533038854599	-0.19509020447731018	-0.9061273336410522	0.3993026316165924	0.5465226769447327	1.0	1	0.0	0	0.0	0	0.27789780497550964	-0.2890036106109619	-0.9161057472229004	-0.9568445086479187	0.0010862092021852732	-0.29059842228889465	0.08497907966375351	0.9573274254798889	-0.2762296497821808
0.35355350375175476	-0.38268327713012695	-0.8535533547401428	0.4013743996620178	0.5294707417488098	1.0	1	0.0	0	0.0	0	0.27789780497550964	-0.2890036106109619	-0.9161057472229004	-0.9568445682525635	0.001086209318600595	-0.29059845209121704	0.0849790945649147	0.9573274850845337	-0.2762296497821808
0.07465790957212448	0.9238795042037964	-0.3753302991390228	0.5340692400932312	0.700945258140564	1.0	1	0.0	0	0.0	0	0.1373535692691803	0.8809723258018494	-0.4527934789657593	0.030407538637518883	0.45316043496131897	0.890910267829895	0.9900553226470947	-0.13613803684711456	0.03545500710606575
0.21260765194892883	0.8314695954322815	-0.513279914855957	0.521400511264801	0.7139187455177307	1.0	1	0.0	0	0.0	0	0.1373535692691803	0.8809723258018494	-0.4527934789657593	0.03040754422545433	0.45316043496131897	0.890910267829895	0.9900553226470947	-0.13613803684711456	0.03545499965548515
0.10838644951581955	0.8314695954322815	-0.5448951125144958	0.518056333065033	0.704538881778717	1.0	1	0.0	0	0.0	0	0.1373535692691803	0.8809723258018494	-0.4527934789657593	0.030407536774873734	0.4531603753566742	0.8909102082252502	0.99005526304245	-0.13613803684711456	0.03545499965548515
0.18024002015590668	-0.38268327713012695	-0.9061274528503418	0.41786277294158936	0.5294528603553772	1.0	1	0.0	0	0.0	0	0.2562822997570038	-0.46962809562683105	-0.8448483347892761	-0.9567716121673584	0.0010871000122278929	-0.29083818197250366	0.1375042349100113	0.8828637003898621	-0.4490482807159424
0.3181897699832916	-0.5555701851844788	-0.7681776881217957	0.40473878383636475	0.5137681365013123	1.0	1	0.0	0	0.0	0	0.2562822997570038	-0.46962809562683105	-0.8448483347892761	-0.9567716121673584	0.0010871071135625243	-0.29083818197250366	0.13750424981117249	0.8828637003898621	-0.4490482807159424
0.16221174597740173	-0.5555701851844788	-0.8154931664466858	0.4195778965950012	0.5137520432472229	1.0	1	0.0	0	0.0	0	0.2562822997570038	-0.46962809562683105	-0.8448483347892761	-0.9567716717720032	0.0010871001286432147	-0.29083821177482605	0.1375042349100113	0.8828636407852173	-0.44904825091362
0.10838644951581955	0.8314695954322815	-0.5448951125144958	0.518056333065033	0.704538881778717	1.0	1	0.0	0	0.0	0	0.18468573689460754	0.7715058922767639	-0.6088266968727112	0.026883715763688087	0.6152856349945068	0.7878456711769104	0.9824298620223999	-0.16187138855457306	0.09289354085922241
0.2705981731414795	0.7071067690849304	-0.6532813906669617	0.5082772374153137	0.7196270227432251	1.0	1	0.0	0	0.0	0	0.18468573689460754	0.7715058922767639	-0.6088266968727112	0.026883719488978386	0.6152856349945068	0.7878456711769104	0.9824298620223999	-0.16187138855457306	0.09289353340864182
0.13794974982738495	0.7071067690849304	-0.6935198903083801	0.5040209293365479	0.7076886296272278	1.0	1	0.0	0	0.0	0	0.18468573689460754	0.7715058922767639	-0.6088266968727112	0.026883721351623535	0.6152856945991516	0.7878457307815552	0.9824298620223999	-0.16187138855457306	0.09289353340864182
0.07465796172618866	0.9807852506637573	-0.1802399456501007	0.5526185631752014	0.7003397941589355	1.0	1	0.0	0	0.0	0	0.046426285058259964	0.9951383471488953	-0.08685744553804398	0.033988501876592636	0.08532718569040298	0.9957731366157532	0.9983433485031128	-0.04918220266699791	-0.02986183762550354
-2.304045381151809e-07	1.0	5.562458795793646e-07	0.5695136785507202	0.6929908394813538	1.0	1	0.0	0	0.0	0	0.046426285058259964	0.9951383471488953	-0.08685744553804398	0.033988501876592636	0.08532717823982239	0.9957730770111084	0.998343288898468	-0.04918219894170761	-0.02986183948814869
0.1083865687251091	0.9807852506637573	-0.16221162676811218	0.5544421672821045	0.7033511400222778	1.0	1	0.0	0	0.0	0	0.046426285058259964	0.9951383471488953	-0.08685744553804398	0.033988501876592636	0.08532718569040298	0.9957730770111084	0.998343288898468	-0.04918219894170761	-0.02986183762550354
0.0	-1.0	3.2584136988589307e-07	0.7039781212806702	0.6929908990859985	1.0	1	0.0	0	0.0	0	0.04642624408006668	-0.99513840675354	-0.08685745298862457	0.03398660570383072	-0.08532727509737015	0.9957731366157532	-0.9983434081077576	-0.049181997776031494	0.02985995262861252
0.0746578648686409	-0.9807853102684021	-0.1802397072315216	0.6870830655097961	0.6856420040130615	1.0	1	0.0	0	0.0	0	0.04642624408006668	-0.99513840675354	-0.08685745298862457	0.03398660570383072	-0.08532727509737015	0.9957731366157532	-0.9983434081077576	-0.049181997776031494	0.02985995262861252
0.10838641971349716	-0.9807853102684021	-0.16221143305301666	0.6889066100120544	0.6826306581497192	1.0	1	0.0	0	0.0	0	0.04642624408006668	-0.99513840675354	-0.08685745298862457	0.03398660570383072	-0.08532727509737015	0.9957731366157532	-0.9983434081077576	-0.049181997776031494	0.02985995262861252
0.38268354535102844	7.549790126404332e-08	-0.9238794445991516	0.39860308170318604	0.5642686486244202	1.0	1	0.0	0	0.0	0	0.4691486954689026	-0.09754981100559235	-0.8777149319648743	-0.8818383812904358	0.0017619682475924492	-0.47154855728149414	0.04754597693681717	0.9952291250228882	-0.08519653975963593
0.5448952317237854	-0.19509020447731018	-0.8154929876327515	0.3831709027290344	0.5465534925460815	1.0	1	0.0	0	0.0	0	0.4691486954689026	-0.09754981100559235	-0.8777149319648743	-0.8818383812904358	0.0017619713908061385	-0.47154855728149414	0.047545984387397766	0.9952291250228882	-0.08519653975963593
0.37533038854599	-0.19509020447731018	-0.9061273336410522	0.3993026316165924	0.5465226769447327	1.0	1	0.0	0	0.0	0	0.4691486954689026	-0.09754981100559235	-0.8777149319648743	-0.881838321685791	0.0017619712743908167	-0.47154852747917175	0.04754598066210747	0.9952290654182434	-0.08519653230905533
0.07465796172618866	0.9807852506637573	-0.1802399456501007	0.5526185631752014	0.7003397941589355	1.0	1	0.0	0	0.0	0	0.13744522631168365	0.9565495252609253	-0.2571418285369873	0.0329817496240139	0.2550419867038727	0.9663673043251038	0.9899601936340332	-0.14130355417728424	0.0035056290216743946
0.2126077115535736	0.9238795042037964	-0.3181896209716797	0.5399498343467712	0.7133132815361023	1.0	1	0.0	0	0.0	0	0.13744522631168365	0.9565495252609253	-0.2571418285369873	0.0329817458987236	0.2550419867038727	0.9663673043251038	0.9899601936340332	-0.14130355417728424	0.003505632746964693
0.14644673466682434	0.9238795042037964	-0.3535534143447876	0.536372721195221	0.7074062824249268	1.0	1	0.0	0	0.0	0	0.13744522631168365	0.9565495252609253	-0.2571418285369873	0.0329817458987236	0.2550419867038727	0.9663673043251038	0.9899601936340332	-0.14130355417728424	0.003505632746964693
0.37533038854599	-0.19509020447731018	-0.9061273336410522	0.3993026316165924	0.5465226769447327	1.0	1	0.0	0	0.0	0	0.4512813985347748	-0.2890036106109619	-0.8442878127098083	-0.8816688060760498	0.001763073611073196	-0.4718655049800873	0.13785937428474426	0.957326352596283	-0.25400984287261963
0.5132800936698914	-0.38268327713012695	-0.7681776881217957	0.3861786425113678	0.5294997692108154	1.0	1	0.0	0	0.0	0	0.4512813985347748	-0.2890036106109619	-0.8442878127098083	-0.8816688060760498	0.001763073494657874	-0.4718655049800873	0.13785937428474426	0.957326352596283	-0.25400984287261963
0.35355350375175476	-0.38268327713012695	-0.8535533547401428	0.4013743996620178	0.5294707417488098	1.0	1	0.0	0	0.0	0	0.4512813985347748	-0.2890036106109619	-0.8442878127098083	-0.8816688060760498	0.001763056148774922	-0.4718654751777649	0.13785934448242188	0.957326352596283	-0.25400984287261963
0.14644673466682434	0.9238795042037964	-0.3535534143447876	0.536372721195221	0.7074062824249268	1.0	1	0.0	0	0.0	0	0.22304987907409668	0.8809722065925598	-0.4172969460487366	0.030927816405892372	0.421470582485199	0.9063146114349365	0.9743163585662842	-0.21505945920944214	0.06676241755485535
0.3086584508419037	0.8314695954322815	-0.4619396924972534	0.5265936255455017	0.7224944233894348	1.0	1	0.0	0	0.0	0	0.22304987907409668	0.8809722065925598	-0.4172969460487366	0.030927816405892372	0.42147061228752136	0.9063146114349365	0.9743163585662842	-0.21505945920944214	0.06676241755485535
