5180	3257	17
0.04883188009262085	0.24308033287525177	-1.1536699533462524	0.0	0.0	1.0	0	0.0	0	0.0	0	0.0	0.0	0.0	1.0	0.0	0.0	0.0	0.0	0.0
-0.12415432184934616	0.2758776545524597	-1.1468199491500854	0.0	0.0	1.0	0	0.0	0	0.0	0	0.0	0.0	0.0	1.0	0.0	0.0	0.0	0.0	0.0
-0.28860270977020264	-0.4429354965686798	-0.9571061134338379	0.0	0.0	1.0	0	0.0	0	0.0	0	0.0	0.0	0.0	1.0	0.0	0.0	0.0	0.0	0.0
-0.06874862313270569	-0.4862395226955414	-0.9654040932655334	0.0	0.0	1.0	0	0.0	0	0.0	0	0.0	0.0	0.0	1.0	0.0	0.0	0.0	0.0	0.0
0.1253572702407837	-0.3983974754810333	-1.0035301446914673	0.0	0.0	1.0	0	0.0	0	0.0	0	0.0	0.0	0.0	1.0	0.0	0.0	0.0	0.0	0.0
0.21522627770900726	-0.21500146389007568	-1.0560499429702759	0.0	0.0	1.0	0	0.0	0	0.0	0	0.0	0.0	0.0	1.0	0.0	0.0	0.0	0.0	0.0
0.2073572725057602	0.06448753923177719	-1.1236499547958374	0.0	0.0	1.0	0	0.0	0	0.0	0	0.0	0.0	0.0	1.0	0.0	0.0	0.0	0.0	0.0
0.11157427728176117	0.3222513794898987	-0.27391496300697327	0.46843022108078003	0.942531943321228	1.0	0	0.0	0	0.0	0	0.012315518222749233	-0.12521237134933472	-0.9920535683631897	-0.9876325726509094	0.15356016159057617	-0.031642280519008636	0.15630191564559937	0.9801741242408752	-0.1217726469039917
0.13606028258800507	0.18168999254703522	-0.25586998462677	0.4599011242389679	0.9154387712478638	1.0	0	0.0	0	0.0	0	0.012315518222749233	-0.12521237134933472	-0.9920535683631897	-0.9876325726509094	0.15356016159057617	-0.031642280519008636	0.15630191564559937	0.9801741242408752	-0.1217726469039917
0.06456567347049713	0.26286450028419495	-0.26700299978256226	0.4767211973667145	0.9293184280395508	1.0	0	0.0	0	0.0	0	0.012315518222749233	-0.12521237134933472	-0.9920535683631897	-0.9876326322555542	0.15356017649173737	-0.031642284244298935	0.15630191564559937	0.9801740646362305	-0.1217726394534111
0.20916427671909332	0.21230879426002502	-0.2554379999637604	0.4453875720500946	0.9234548807144165	1.0	0	0.0	0	0.0	0	0.09994283318519592	-0.22494448721408844	-0.9692323803901672	-0.9860426187515259	0.10797305405139923	-0.12673518061637878	0.13315936923027039	0.9683707356452942	-0.21101371943950653
0.14025726914405823	0.03237339109182358	-0.2207830399274826	0.4548659324645996	0.8845444917678833	1.0	0	0.0	0	0.0	0	0.09994283318519592	-0.22494448721408844	-0.9692323803901672	-0.9860426783561707	0.10797306895256042	-0.12673518061637878	0.1331593543291092	0.9683706760406494	-0.21101370453834534
0.13606028258800507	0.18168999254703522	-0.25586998462677	0.4599011242389679	0.9154387712478638	1.0	0	0.0	0	0.0	0	0.09994283318519592	-0.22494448721408844	-0.9692323803901672	-0.9860426187515259	0.10797305405139923	-0.12673518061637878	0.13315936923027039	0.9683707356452942	-0.21101371943950653
0.21489427983760834	0.008837375789880753	-0.20622503757476807	0.43848076462745667	0.881231427192688	1.0	0	0.0	0	0.0	0	0.08351979404687881	-0.3190731704235077	-0.9440428018569946	-0.9862303733825684	0.1092308983206749	-0.12417065352201462	0.14273814857006073	0.9414142966270447	-0.30555668473243713
0.09846127033233643	-0.05274462327361107	-0.19571205973625183	0.4609866440296173	0.8650718331336975	1.0	0	0.0	0	0.0	0	0.08351979404687881	-0.3190731704235077	-0.9440428018569946	-0.9862303137779236	0.1092308834195137	-0.12417063862085342	0.14273814857006073	0.9414143562316895	-0.30555668473243713
0.14025726914405823	0.03237339109182358	-0.2207830399274826	0.4548659324645996	0.8845444917678833	1.0	0	0.0	0	0.0	0	0.08351979404687881	-0.3190731704235077	-0.9440428018569946	-0.9862303733825684	0.1092308983206749	-0.12417064607143402	0.14273814857006073	0.9414142966270447	-0.30555668473243713
0.04267137497663498	-0.1596866250038147	-0.1502680778503418	0.468925416469574	0.8392601013183594	1.0	0	0.0	0	0.0	0	-0.005005298648029566	-0.38887637853622437	-0.921276330947876	-0.9882583022117615	0.1426159292459488	-0.05482984334230423	0.1527107059955597	0.9101845622062683	-0.38502413034439087
0.09846127033233643	-0.05274462327361107	-0.19571205973625183	0.4609866440296173	0.8650718331336975	1.0	0	0.0	0	0.0	0	-0.005005298648029566	-0.38887637853622437	-0.921276330947876	-0.9882582426071167	0.1426159292459488	-0.05482984706759453	0.1527107059955597	0.9101845026016235	-0.3850241005420685
0.1578412801027298	-0.10758063197135925	-0.17288805544376373	0.44685831665992737	0.8546866178512573	1.0	0	0.0	0	0.0	0	-0.005005298648029566	-0.38887637853622437	-0.921276330947876	-0.9882582426071167	0.1426159292459488	-0.05482984334230423	0.1527107059955597	0.9101845026016235	-0.3850241005420685
-0.11163902282714844	0.10527437925338745	-0.1939440220594406	0.2512340843677521	0.4987112581729889	1.0	0	0.0	0	0.0	0	-0.8129721879959106	0.3108387291431427	0.49239784479141235	-0.21217934787273407	-0.9456003308296204	0.24661706387996674	0.5422695875167847	0.09601616114377975	0.8347002863883972
-0.10105172544717789	0.012914378196001053	-0.11439704149961472	0.27407321333885193	0.5103772878646851	1.0	0	0.0	0	0.0	0	-0.5948519110679626	0.03808809816837311	0.8029325008392334	0.22848589718341827	-0.9496632814407349	0.2143222540616989	0.7706785798072815	0.3109487295150757	0.5562064051628113
-0.09332142770290375	0.11530237644910812	-0.1400490254163742	0.2518462538719177	0.510434091091156	1.0	0	0.0	0	0.0	0	-0.5668982863426208	0.33110520243644714	0.7543180584907532	-0.21839742362499237	-0.9433121681213379	0.249929741024971	0.7943103909492493	-0.023056380450725555	0.607074499130249
-0.11977202445268631	-0.002446624217554927	-0.16695603728294373	0.2746187746524811	0.4986514449119568	1.0	0	0.0	0	0.0	0	-0.7981473803520203	-0.052188437432050705	0.6001975536346436	0.22424830496311188	-0.9503908157348633	0.21556907892227173	0.5591720342636108	0.30664920806884766	0.7702552080154419
-0.04321375489234924	-0.08564363420009613	-0.09542275965213776	0.29489409923553467	0.5102111101150513	1.0	0	0.0	0	0.0	0	-0.33808964490890503	-0.37843579053878784	0.861673891544342	0.6307730078697205	-0.770619809627533	-0.09094163775444031	0.6984385848045349	0.5127742290496826	0.49924567341804504
0.0526115745306015	-0.1316196322441101	-0.15054406225681305	0.3857778012752533	0.5758405327796936	1.0	0	0.0	0	0.0	0	0.1472545713186264	-0.7263846397399902	0.6713282465934753	0.9739137291908264	-0.011994585394859314	-0.22660145163536072	0.17265212535858154	0.6871838569641113	0.7056697607040405
-0.04321375489234924	-0.08564363420009613	-0.09542275965213776	0.36348143219947815	0.5861481428146362	1.0	0	0.0	0	0.0	0	-0.33808964490890503	-0.37843579053878784	0.861673891544342	0.9067087173461914	-0.3762911260128021	0.19048404693603516	0.25215426087379456	0.8456879258155823	0.4703511893749237
-0.05675032362341881	-0.10983661562204361	-0.14628106355667114	0.36298254132270813	0.5740274786949158	1.0	0	0.0	0	0.0	0	-0.43925949931144714	-0.5368896722793579	0.7202782034873962	0.860528290271759	-0.48169010877609253	0.16572794318199158	0.25797325372695923	0.6926173567771912	0.6735957264900208
0.15502327680587769	-0.06478462368249893	-0.11787205189466476	0.40515363216400146	0.5918052196502686	1.0	0	0.0	0	0.0	0	0.528412401676178	-0.320697546005249	0.7860874533653259	0.8403069972991943	0.329657644033432	-0.43036049604415894	-0.12112418562173843	0.8879625797271729	0.4436795711517334
0.05497007817029953	-0.1052006334066391	-0.09924936294555664	0.3839466869831085	0.5877759456634521	1.0	0	0.0	0	0.0	0	0.1374892145395279	-0.48473721742630005	0.8637862801551819	0.9870511889457703	-0.005686494521796703	-0.16030481457710266	0.0826176181435585	0.8746414184570312	0.4776786267757416
0.21382728219032288	0.014260384254157543	-0.20024804770946503	0.09439952671527863	0.0120399696752429	1.0	0	0.0	0	0.0	0	0.9002021551132202	-0.0820668414235115	0.4276692867279053	-0.19518527388572693	-0.9539470672607422	0.22778888046741486	0.38927993178367615	-0.28853079676628113	-0.8747634887695312
0.15502327680587769	-0.06478462368249893	-0.11787205189466476	0.11611016094684601	0.0	1.0	0	0.0	0	0.0	0	0.528412401676178	-0.320697546005249	0.7860874533653259	-0.5772141218185425	-0.8146940469741821	0.05565527454018593	0.6225722432136536	-0.4831497073173523	-0.6156055927276611
0.16109327971935272	-0.08779960870742798	-0.17073506116867065	0.11812403053045273	0.011626087129116058	1.0	0	0.0	0	0.0	0	0.6408737301826477	-0.5043611526489258	0.5787060260772705	-0.6546022891998291	-0.7528336644172668	0.06882935762405396	0.4009545147418976	-0.4229332506656647	-0.8126272559165955
0.1958952695131302	0.20593827962875366	-0.18748801946640015	0.05671977996826172	0.001562760560773313	1.0	0	0.0	0	0.0	0	0.6875355839729309	0.42433834075927734	0.589263916015625	0.23933954536914825	-0.8985746502876282	0.3678044080734253	0.6855711340904236	-0.11184445768594742	-0.7193630337715149
0.2043592631816864	0.030698368325829506	-0.14548304677009583	0.09391451627016068	0.00038718400173820555	1.0	0	0.0	0	0.0	0	0.713153064250946	0.029298879206180573	0.7003958225250244	-0.19169270992279053	-0.9528946280479431	0.23504401743412018	0.6742900013923645	-0.30188316106796265	-0.6739434003829956
0.1102362722158432	0.29562848806381226	-0.2598079741001129	0.8602237105369568	0.4028207063674927	1.0	0	0.0	0	0.0	0	0.4572395384311676	0.8491068482398987	0.2644799053668976	-0.8534119129180908	0.3352296054363251	0.399135559797287	0.2502472400665283	-0.4082108438014984	0.8779181241989136
0.1958952695131302	0.20593827962875366	-0.18748801946640015	0.8448904752731323	0.42862263321876526	1.0	0	0.0	0	0.0	0	0.6875355839729309	0.42433834075927734	0.589263916015625	-0.7213355302810669	0.49235230684280396	0.48709791898727417	-0.08343112468719482	-0.7599540948867798	0.644599974155426
0.20499926805496216	0.19703979790210724	-0.2440590113401413	0.8411052823066711	0.4213199317455292	1.0	0	0.0	0	0.0	0	0.8389445543289185	0.4294062852859497	0.3343387246131897	-0.5382339954376221	0.5636763572692871	0.6265566349029541	0.08058851212263107	-0.7055986523628235	0.7040141820907593
0.04657197743654251	0.3093619644641876	-0.19963699579238892	0.8754556179046631	0.40863487124443054	1.0	0	0.0	0	0.0	0	-0.06091708689928055	0.832177460193634	0.5511531233787537	-0.9925938248634338	-0.10865109413862228	0.05433623865246773	0.10510078072547913	-0.5437611937522888	0.8326328992843628
0.10781127214431763	0.297578364610672	-0.20212599635124207	0.8626614212989807	0.41142737865448	1.0	0	0.0	0	0.0	0	0.38131260871887207	0.7519433498382568	0.5377563834190369	-0.9111980199813843	0.20763742923736572	0.3558156192302704	0.15589484572410583	-0.6256795525550842	0.7643441557884216
0.03873047977685928	0.3093874752521515	-0.25690197944641113	0.8751627802848816	0.39956000447273254	1.0	0	0.0	0	0.0	0	-0.10184140503406525	0.9428188800811768	0.31736552715301514	-0.9905574917793274	-0.1255422830581665	0.055091481655836105	0.09178408980369568	-0.3087581992149353	0.94670170545578
-0.03350868821144104	0.2643558084964752	-0.181645005941391	0.8926972150802612	0.4156431257724762	1.0	0	0.0	0	0.0	0	-0.45601198077201843	0.6123598217964172	0.6458084583282471	-0.8805422782897949	-0.41580161452293396	-0.22749565541744232	0.12921899557113647	-0.6724023818969727	0.7288192510604858
-0.03350868821144104	0.2643558084964752	-0.181645005941391	0.2190614938735962	0.510434091091156	1.0	0	0.0	0	0.0	0	-0.45601198077201843	0.6123598217964172	0.6458084583282471	-0.47463613748550415	-0.7811770439147949	0.40556493401527405	0.7528424263000488	-0.1215815544128418	0.6468742489814758
-0.04966782405972481	0.25970664620399475	-0.23704099655151367	0.217266246676445	0.4987112879753113	1.0	0	0.0	0	0.0	0	-0.6041602492332458	0.6701124906539917	0.4312073290348053	-0.5486630201339722	-0.7422581315040588	0.38473591208457947	0.5778834819793701	-0.004145372658967972	0.816108763217926
0.04657197743654251	0.3093619644641876	-0.19963699579238892	0.8754556179046631	0.40863487124443054	1.0	0	0.0	0	0.0	0	0.08481621742248535	0.2360866516828537	0.968023419380188	-0.9925293922424316	-0.06549447774887085	0.1029365137219429	0.08770211786031723	-0.9695222973823547	0.22876791656017303
-0.018609624356031418	0.2532539665699005	-0.18024200201034546	0.8896540999412537	0.4177755117416382	1.0	0	0.0	0	0.0	0	0.08481621742248535	0.2360866516828537	0.968023419380188	-0.9925293922424316	-0.06549447774887085	0.1029365137219429	0.08770211786031723	-0.9695222973823547	0.22876791656017303
0.050776779651641846	0.29224976897239685	-0.1958319991827011	0.8747150301933289	0.41170305013656616	1.0	0	0.0	0	0.0	0	0.08481621742248535	0.2360866516828537	0.968023419380188	-0.9925293326377869	-0.06549447029829025	0.1029365062713623	0.08770211786031723	-0.9695223569869995	0.22876793146133423
-0.09332142770290375	0.11530237644910812	-0.1400490254163742	0.9065514206886292	0.4412458837032318	1.0	0	0.0	0	0.0	0	0.08478565514087677	0.2361193746328354	0.968018114566803	-0.9925298094749451	-0.06552176922559738	0.10291465371847153	0.0877263993024826	-0.9695125222206116	0.2288002222776413
-0.018609624356031418	0.2532539665699005	-0.18024200201034546	0.8896540999412537	0.4177755117416382	1.0	0	0.0	0	0.0	0	0.08478565514087677	0.2361193746328354	0.968018114566803	-0.9925298094749451	-0.06552176177501678	0.10291465371847153	0.08772639185190201	-0.9695125222206116	0.2288002222776413
-0.03350868821144104	0.2643558084964752	-0.181645005941391	0.8926972150802612	0.4156431257724762	1.0	0	0.0	0	0.0	0	0.08478565514087677	0.2361193746328354	0.968018114566803	-0.9925298094749451	-0.06552176922559738	0.10291465371847153	0.0877263993024826	-0.9695125222206116	0.2288002222776413
-0.09332142770290375	0.11530237644910812	-0.1400490254163742	0.9065514206886292	0.4412458837032318	1.0	0	0.0	0	0.0	0	0.08477474749088287	0.23612579703330994	0.9680175185203552	-0.9925302267074585	-0.0655302032828331	0.10290606319904327	0.08773315697908401	-0.9695103764533997	0.22880665957927704
-0.08285962045192719	0.015583354979753494	-0.11664104461669922	0.9051921367645264	0.4589625895023346	1.0	0	0.0	0	0.0	0	0.08477474749088287	0.23612579703330994	0.9680175185203552	-0.9925301671028137	-0.0655302032828331	0.10290605574846268	0.08773315697908401	-0.9695104360580444	0.22880667448043823
-0.0756470263004303	0.11111737042665482	-0.14057603478431702	0.902865469455719	0.4421902000904083	1.0	0	0.0	0	0.0	0	0.08477474749088287	0.23612579703330994	0.9680175185203552	-0.9925302267074585	-0.0655301958322525	0.10290606319904327	0.08773314207792282	-0.9695103764533997	0.22880665957927704
-0.10105172544717789	0.012914378196001053	-0.11439704149961472	0.9090450406074524	0.45922157168388367	1.0	0	0.0	0	0.0	0	0.08476587384939194	0.23611104488372803	0.9680218696594238	-0.9925309419631958	-0.06553404033184052	0.10289650410413742	0.08773338794708252	-0.9695137739181519	0.2287924736738205
-0.0316864550113678	-0.07161663472652435	-0.09985306113958359	0.8951551914215088	0.47494450211524963	1.0	0	0.0	0	0.0	0	0.08476587384939194	0.23611104488372803	0.9680218696594238	-0.992530882358551	-0.06553404033184052	0.10289649665355682	0.08773338794708252	-0.9695137143135071	0.2287924587726593
-0.08285962045192719	0.015583354979753494	-0.11664104461669922	0.9051921367645264	0.4589625895023346	1.0	0	0.0	0	0.0	0	0.08476587384939194	0.23611104488372803	0.9680218696594238	-0.992530882358551	-0.06553403288125992	0.10289648920297623	0.08773337304592133	-0.9695137143135071	0.2287924587726593
0.05497007817029953	-0.1052006334066391	-0.09924936294555664	0.877193808555603	0.4818798303604126	1.0	0	0.0	0	0.0	0	0.08475439250469208	0.23609215021133423	0.9680275321006775	-0.9925308227539062	-0.06555143743753433	0.10288707911968231	0.08774641156196594	-0.9695171117782593	0.22877289354801178
-0.0316864550113678	-0.07161663472652435	-0.09985306113958359	0.8951551914215088	0.47494450211524963	1.0	0	0.0	0	0.0	0	0.08475439250469208	0.23609215021133423	0.9680275321006775	-0.9925307631492615	-0.06555143743753433	0.10288707166910172	0.08774641901254654	-0.969517171382904	0.22877290844917297
-0.04321375489234924	-0.08564363420009613	-0.09542275965213776	0.897700846195221	0.47728508710861206	1.0	0	0.0	0	0.0	0	0.08475439250469208	0.23609215021133423	0.9680275321006775	-0.9925308227539062	-0.06555143743753433	0.10288707911968231	0.08774641156196594	-0.9695171117782593	0.22877289354801178
0.05497007817029953	-0.1052006334066391	-0.09924936294555664	0.877193808555603	0.4818798303604126	1.0	0	0.0	0	0.0	0	0.08479451388120651	0.23613500595092773	0.9680135250091553	-0.9925295114517212	-0.06551337242126465	0.1029232069849968	0.08772160112857819	-0.9695093035697937	0.22881579399108887
0.14134126901626587	-0.052273642271757126	-0.11972605437040329	0.8585607409477234	0.47354698181152344	1.0	0	0.0	0	0.0	0	0.08479451388120651	0.23613500595092773	0.9680135250091553	-0.9925295114517212	-0.06551336497068405	0.1029232069849968	0.08772159367799759	-0.9695093035697937	0.22881579399108887
0.05212557315826416	-0.08831162750720978	-0.10312005877494812	0.8776499032974243	0.47886669635772705	1.0	0	0.0	0	0.0	0	0.08479451388120651	0.23613500595092773	0.9680135250091553	-0.9925295114517212	-0.06551335752010345	0.1029232069849968	0.08772158622741699	-0.9695093035697937	0.22881579399108887
0.2043592631816864	0.030698368325829506	-0.14548304677009583	0.8445906043052673	0.45964133739471436	1.0	0	0.0	0	0.0	0	0.08475006371736526	0.23613321781158447	0.9680178165435791	-0.9925311207771301	-0.0655488595366478	0.10288585722446442	0.0877472311258316	-0.9695073962211609	0.22881430387496948
0.14134126901626587	-0.052273642271757126	-0.11972605437040329	0.8585607409477234	0.47354698181152344	1.0	0	0.0	0	0.0	0	0.08475006371736526	0.23613321781158447	0.9680178165435791	-0.9925310015678406	-0.0655488520860672	0.10288584232330322	0.0877472311258316	-0.9695072770118713	0.2288142591714859
0.15502327680587769	-0.06478462368249893	-0.11787205189466476	0.8557858467102051	0.4759139120578766	1.0	0	0.0	0	0.0	0	0.08475006371736526	0.23613321781158447	0.9680178165435791	-0.9925310611724854	-0.0655488595366478	0.10288584977388382	0.0877472311258316	-0.9695073366165161	0.2288142740726471
0.2043592631816864	0.030698368325829506	-0.14548304677009583	0.8445906043052673	0.45964133739471436	1.0	0	0.0	0	0.0	0	0.08475567400455475	0.23612678050994873	0.9680189490318298	-0.9925305843353271	-0.06554809957742691	0.10289081186056137	0.08774707466363907	-0.9695088863372803	0.2288074493408203
0.1783122718334198	0.20029987394809723	-0.1845730096101761	0.8486402630805969	0.4294126331806183	1.0	0	0.0	0	0.0	0	0.08475567400455475	0.23612678050994873	0.9680189490318298	-0.9925306439399719	-0.06554809212684631	0.10289081931114197	0.08774706721305847	-0.969508945941925	0.2288074642419815
0.18630926311016083	0.034754373133182526	-0.14489203691482544	0.8483566641807556	0.4587153494358063	1.0	0	0.0	0	0.0	0	0.08475567400455475	0.23612678050994873	0.9680189490318298	-0.9925306439399719	-0.06554809957742691	0.10289081931114197	0.08774706721305847	-0.969508945941925	0.2288074642419815
0.10781127214431763	0.297578364610672	-0.20212599635124207	0.8626614212989807	0.41142737865448	1.0	0	0.0	0	0.0	0	0.08477099984884262	0.23610691726207733	0.9680224061012268	-0.9925302863121033	-0.06553569436073303	0.10290176421403885	0.08773583173751831	-0.9695146083831787	0.22878773510456085
0.1783122718334198	0.20029987394809723	-0.1845730096101761	0.8486402630805969	0.4294126331806183	1.0	0	0.0	0	0.0	0	0.08477099984884262	0.23610691726207733	0.9680224061012268	-0.9925302863121033	-0.06553568691015244	0.10290176421403885	0.08773583173751831	-0.9695146083831787	0.22878773510456085
0.1958952695131302	0.20593827962875366	-0.18748801946640015	0.8448904752731323	0.42862263321876526	1.0	0	0.0	0	0.0	0	0.08477099984884262	0.23610691726207733	0.9680224061012268	-0.9925302863121033	-0.06553569436073303	0.10290176421403885	0.08773583173751831	-0.9695146083831787	0.22878773510456085
0.10781127214431763	0.297578364610672	-0.20212599635124207	0.8626614212989807	0.41142737865448	1.0	0	0.0	0	0.0	0	0.08476626127958298	0.23610904812812805	0.9680224061012268	-0.992530345916748	-0.06554023176431656	0.10289816558361053	0.08773958683013916	-0.9695137739181519	0.22878976166248322
0.050776779651641846	0.29224976897239685	-0.1958319991827011	0.8747150301933289	0.41170305013656616	1.0	0	0.0	0	0.0	0	0.08476626127958298	0.23610904812812805	0.9680224061012268	-0.9925304055213928	-0.06554023921489716	0.10289817303419113	0.08773959428071976	-0.9695138335227966	0.2287897765636444
0.09881627559661865	0.2830059826374054	-0.19778400659561157	0.8646785616874695	0.4138937294483185	1.0	0	0.0	0	0.0	0	0.08476626127958298	0.23610904812812805	0.9680224061012268	-0.9925304055213928	-0.06554023176431656	0.10289817303419113	0.08773958683013916	-0.9695138335227966	0.2287897765636444
-0.020948823541402817	-0.06459169089794159	0.28685295581817627	0.6961171627044678	0.39089009165763855	1.0	0	0.0	0	0.0	0	-0.8111467361450195	-0.48361167311668396	0.32887792587280273	0.4771300256252289	-0.8724138736724854	-0.10602346807718277	0.3381918966770172	0.07091694325208664	0.9384014010429382
-0.006045324727892876	0.027109269052743912	0.42944297194480896	0.6769716143608093	0.4210054874420166	0.5	12	0.5	0	0.0	0	-0.5756151676177979	-0.5809864401817322	0.5754320621490479	0.3674166798591614	-0.8124358654022217	-0.4527173638343811	0.7305242419242859	-0.04916764050722122	0.6811144948005676
-0.024558693170547485	-0.05223269760608673	0.2840929627418518	0.6935441493988037	0.39027494192123413	1.0	0	0.0	0	0.0	0	-0.545173168182373	-0.7945495843887329	0.26735246181488037	0.7629035711288452	-0.6024631261825562	-0.23455557227134705	0.3474360406398773	0.0760907456278801	0.934611439704895
-0.0028558243066072464	-0.011299720965325832	0.497359961271286	0.6851338148117065	0.435198575258255	0.5	12	0.5	0	0.0	0	-0.7308767437934875	-0.5258784890174866	0.4350529611110687	0.41372767090797424	-0.8483609557151794	-0.3303230106830597	0.5427916049957275	-0.06143197417259216	0.8376176357269287
0.010347176343202591	0.09138926863670349	0.47738397121429443	0.6634143590927124	0.4313351809978485	0.5	12	0.5	0	0.0	0	-0.7319342494010925	-0.3413841724395752	0.5896857380867004	0.3302692770957947	-0.9347254633903503	-0.13118864595890045	0.5959799885749817	0.09873362630605698	0.7969062924385071
-0.021971125155687332	0.31819289922714233	0.4122200310230255	0.6159000396728516	0.41750845313072205	0.3333333333333333	6	0.3333333333333333	3	0.3333333333333333	0	-0.9633358120918274	0.25303396582603455	0.08920736610889435	-0.2519952058792114	-0.9674573540687561	0.022908002138137817	0.09210082143545151	-0.00041172915371134877	0.9957496523857117
-0.03541150316596031	0.2095537632703781	0.4561539888381958	0.6389127373695374	0.4263673424720764	0.5	12	0.5	0	0.0	0	-0.4468323290348053	0.2658531665802002	0.8542032241821289	-0.10961391031742096	-0.9639037847518921	0.24264061450958252	0.8878763318061829	0.014787115156650543	0.4598444998264313
-0.031821995973587036	0.21412807703018188	0.4676089882850647	0.637942373752594	0.42881837487220764	0.3333333333333333	12	0.3333333333333333	9	0.3333333333333333	6	-0.9661850333213806	-0.01297076977789402	0.25752320885658264	0.014734586700797081	-0.9998794198036194	0.004919897764921188	0.2574283182621002	0.008548028767108917	0.9662595391273499
0.043138474225997925	0.5168842673301697	0.31068307161331177	0.5734509229660034	0.3974710702896118	0.5	1	0.5	0	0.0	0	-0.9026992917060852	0.4003213942050934	0.15772363543510437	-0.4006296694278717	-0.9157068133354187	0.031256284564733505	0.15694117546081543	-0.03497374802827835	0.9869885444641113
0.04310697317123413	0.5081073045730591	0.3470650613307953	0.5753579139709473	0.405062198638916	1.0	0	0.0	0	0.0	0	-0.6891350746154785	0.6490626335144043	0.3221965730190277	-0.6375574469566345	-0.7544320225715637	0.15605390071868896	0.344364196062088	-0.09787661582231522	0.9337202906608582
0.04879237711429596	0.5210632681846619	0.3565850555896759	0.572606086730957	0.40714913606643677	0.5	3	0.5	0	0.0	0	-0.728191614151001	0.677407443523407	-0.10419304668903351	-0.6839272975921631	-0.7280779480934143	0.04632452130317688	-0.0444800890982151	0.10499359667301178	0.9934777021408081
0.019677575677633286	0.4651183485984802	0.0648537278175354	0.5840960741043091	0.3457057774066925	1.0	0	0.0	0	0.0	0	-0.834001898765564	0.49392491579055786	-0.24592481553554535	-0.5131316184997559	-0.8581483364105225	0.01665583625435829	-0.20281322300434113	0.14008279144763947	0.9691458344459534
0.03498007357120514	0.4999023377895355	0.14493903517723083	0.576801061630249	0.362701952457428	1.0	0	0.0	0	0.0	0	-0.5661599636077881	0.8073524236679077	-0.16626808047294617	-0.8067548274993896	-0.5841283798217773	-0.08911147713661194	-0.16906625032424927	0.0836862176656723	0.9820454120635986
0.03882107883691788	0.5119703412055969	0.14087603986263275	0.5742273330688477	0.3619229197502136	0.5	1	0.5	0	0.0	0	-0.8811429142951965	0.45125308632850647	-0.14127217233181	-0.4596591293811798	-0.8875159025192261	0.032078102231025696	-0.11090598255395889	0.09320244938135147	0.989450991153717
-0.016947424039244652	0.3163771629333496	-0.06094309315085411	0.615431010723114	0.318716824054718	1.0	0	0.0	0	0.0	0	-0.7943857908248901	0.5215436220169067	-0.3113574981689453	-0.5359980463981628	-0.843041181564331	-0.04458494484424591	-0.2857401967048645	0.13146936893463135	0.9492462873458862
0.016565974801778793	0.4560263454914093	0.07351983338594437	0.5860464572906494	0.34746065735816956	1.0	0	0.0	0	0.0	0	-0.5400589108467102	0.7070878148078918	-0.45646822452545166	-0.6897162199020386	-0.682649552822113	-0.2414149045944214	-0.48230937123298645	0.1844552606344223	0.856360912322998
-0.02113332413136959	0.2721039354801178	-0.12014999985694885	0.6246668696403503	0.3062342703342438	1.0	0	0.0	0	0.0	0	-0.6836467385292053	0.45201072096824646	-0.572986364364624	-0.49562615156173706	-0.8638483881950378	-0.0901147797703743	-0.5357061624526978	0.2223803699016571	0.8145955204963684
-0.02152172476053238	0.30704283714294434	-0.05296989530324936	0.6174428462982178	0.32030531764030457	1.0	0	0.0	0	0.0	0	-0.3615570366382599	0.7518323659896851	-0.5513843894004822	-0.6944094300270081	-0.611790657043457	-0.37882423400878906	-0.6221440434455872	0.24591994285583496	0.7432766556739807
-0.07068482041358948	0.14739735424518585	-0.0984015241265297	0.651307225227356	0.30991244316101074	1.0	0	0.0	0	0.0	0	-0.974895715713501	0.21344918012619019	-0.06338775902986526	-0.21510431170463562	-0.9763765335083008	0.0204689372330904	-0.057521235197782516	0.033590056002140045	0.9977790713310242
-0.016134923323988914	0.277707576751709	-0.13496500253677368	0.6234239339828491	0.30321815609931946	1.0	0	0.0	0	0.0	0	-0.7574939727783203	0.6092912554740906	-0.2344507873058319	-0.6180694699287415	-0.7849516272544861	-0.04290759563446045	-0.2101757526397705	0.11240462213754654	0.9711804389953613
-0.07633532583713531	0.0592893622815609	-0.0764150395989418	0.6699055433273315	0.314322829246521	1.0	0	0.0	0	0.0	0	-0.9704273343086243	-0.24064595997333527	0.018983105197548866	0.24046295881271362	-0.9705910086631775	-0.011427266523241997	0.021174758672714233	-0.006524598225951195	0.9997545480728149
-0.07149912416934967	0.1508413702249527	-0.08609672635793686	0.6506111025810242	0.3124755024909973	1.0	0	0.0	0	0.0	0	-0.6080389618873596	-0.06784473359584808	-0.7910030484199524	-0.0973530113697052	-0.9824529886245728	0.1590864211320877	-0.7879165410995483	0.1737372726202011	0.5907648205757141
-0.031054165214300156	-0.012519649229943752	-0.0500960499048233	0.684678316116333	0.3204001784324646	1.0	0	0.0	0	0.0	0	-0.5481314659118652	-0.7332631349563599	-0.40233945846557617	0.7645650506019592	-0.6343187093734741	0.11436799168586731	-0.3390733003616333	-0.24492602050304413	0.9083174467086792
-0.07810072600841522	0.06158735975623131	-0.06391143798828125	0.6694582104682922	0.3169122040271759	1.0	0	0.0	0	0.0	0	-0.4892810881137848	-0.29795727133750916	-0.8196495771408081	0.3435911536216736	-0.9296761751174927	0.13284341990947723	-0.8015903830528259	-0.2166265845298767	0.5572484135627747
-0.029220854863524437	-0.03437364473938942	0.025793051347136497	0.6893861293792725	0.3362581431865692	1.0	0	0.0	0	0.0	0	-0.5822749137878418	-0.8005478978157043	-0.14170043170452118	0.8061103224754333	-0.5911436676979065	0.027120238170027733	-0.10547634959220886	-0.09843472391366959	0.9895379543304443
-0.023939993232488632	-0.022100647911429405	-0.061151448637247086	0.6866158246994019	0.318183034658432	1.0	0	0.0	0	0.0	0	-0.5881890654563904	-0.8061239123344421	0.06479143351316452	0.8039834499359131	-0.5915290713310242	-0.060861580073833466	0.08738797903060913	0.016293121501803398	0.9960410594940186
-0.03424718976020813	-0.05275169387459755	0.19986294209957123	0.693586528301239	0.3725339472293854	1.0	0	0.0	0	0.0	0	-0.4614742398262024	-0.8862344026565552	-0.04037632420659065	0.8865428566932678	-0.46237489581108093	0.015845434740185738	-0.03271176666021347	-0.028483081609010696	0.9990589022636414
-0.035878803580999374	-0.023538652807474136	0.02729085460305214	0.6871650815010071	0.3364863693714142	1.0	0	0.0	0	0.0	0	-0.23322457075119019	-0.9601515531539917	-0.15399779379367828	0.9617199301719666	-0.2511921226978302	0.10953204333782196	-0.1438503861427307	-0.12255718559026718	0.9819810390472412
-0.03030136413872242	-0.0648946762084961	0.19861793518066406	0.6961045861244202	0.37231743335723877	1.0	0	0.0	0	0.0	0	-0.7841565608978271	-0.5904521346092224	-0.19095772504806519	0.5930620431900024	-0.8036367297172546	0.04945141449570656	-0.182659313082695	-0.07447211444377899	0.9803516864776611
0.27393728494644165	0.4659592807292938	0.394474059343338	0.02457171492278576	0.9827445149421692	1.0	0	0.0	0	0.0	0	0.6290878057479858	0.5550487041473389	-0.5442144870758057	-0.7755424976348877	0.4006214141845703	-0.48788976669311523	-0.05277860164642334	0.7289869785308838	0.6824898719787598
0.20597627758979797	0.5755082964897156	0.38089805841445923	0.0396103635430336	0.9988318681716919	0.5	3	0.5	0	0.0	0	0.3723353445529938	0.7640199661254883	-0.5269156098365784	-0.9213907718658447	0.2361639142036438	-0.3086513876914978	-0.11137736588716507	0.6004169583320618	0.7918931245803833
0.28781527280807495	0.4603393077850342	0.400983065366745	0.021559352055191994	0.9826700091362	0.5	3	0.5	0	0.0	0	0.9624886512756348	0.1210092082619667	-0.242842435836792	-0.26835179328918457	0.5576276183128357	-0.7855181694030762	0.0403607152402401	0.8212195038795471	0.5691832900047302
0.28341326117515564	0.48283225297927856	0.526731014251709	0.8171694874763489	0.4448457658290863	0.5	3	0.5	0	0.0	0	0.5239579677581787	0.028138937428593636	0.8512791991233826	0.8391703963279724	0.15405352413654327	-0.5215944051742554	-0.14581966400146484	0.9876618385314941	0.05710421875119209
0.210695281624794	0.5805003046989441	0.5249790549278259	0.8088551759719849	0.46484002470970154	0.5	3	0.5	0	0.0	0	0.3966006636619568	0.8500285744667053	0.3466402590274811	0.7716255187988281	-0.10410787910223007	-0.6274996399879456	-0.49730461835861206	0.5163431763648987	-0.697192907333374
0.19802327454090118	0.5789253115653992	0.5329510569572449	0.8057408332824707	0.46482667326927185	0.5	3	0.5	0	0.0	0	0.3781052529811859	0.9054200649261475	0.19300489127635956	0.7644435167312622	-0.1877412647008896	-0.6167490482330322	-0.5221819281578064	0.38073739409446716	-0.7631285190582275
0.28341326117515564	0.48283225297927856	0.526731014251709	0.7376747727394104	0.8764724731445312	0.5	3	0.5	0	0.0	0	0.5239579677581787	0.028138937428593636	0.8512791991233826	-0.657654881477356	-0.6217632293701172	0.4253241717815399	0.5412622094154358	-0.7826998829841614	-0.30727213621139526
0.28774726390838623	0.45758023858070374	0.5188069939613342	0.7369537353515625	0.8801040649414062	0.5	3	0.5	0	0.0	0	0.8197867274284363	-0.2859685719013214	0.4961569607257843	-0.5271233320236206	-0.7154633402824402	0.45853373408317566	0.2238558977842331	-0.637435793876648	-0.7372680902481079
0.2962122857570648	0.4859582483768463	0.5192279815673828	0.734886884689331	0.8775914311408997	0.5	3	0.5	0	0.0	0	0.8903329372406006	0.20609530806541443	0.40599524974823	-0.17020998895168304	-0.6764307618141174	0.7165681719779968	0.4223089814186096	-0.7070887088775635	-0.5671691298484802
0.2763942778110504	0.46079325675964355	0.5253809690475464	0.7393637895584106	0.8786218762397766	1.0	0	0.0	0	0.0	0	0.473205029964447	-0.1986209750175476	0.8582696318626404	-0.762576162815094	-0.5801517367362976	0.2861844003200531	0.4410843849182129	-0.7899198532104492	-0.425994336605072
0.2832222878932953	0.4433712661266327	0.5179359912872314	0.7380426526069641	0.8814899921417236	0.5	3	0.5	0	0.0	0	0.702614963054657	-0.5290212631225586	0.4758871793746948	-0.7051647305488586	-0.6072579622268677	0.3660335838794708	0.09534673392772675	-0.5927596092224121	-0.7997156977653503
0.2522292733192444	0.3867653012275696	0.41439902782440186	0.7441723942756653	0.9062435626983643	0.5	3	0.5	0	0.0	0	0.5557643175125122	-0.6372824907302856	0.533851146697998	-0.8256469368934631	-0.4981606602668762	0.2648454010486603	0.09716229140758514	-0.5879641771316528	-0.8030303120613098
0.2704152762889862	0.4420182406902313	0.5242310166358948	0.7408025860786438	0.8804529309272766	0.5	3	0.5	0	0.0	0	0.5997980833053589	-0.3985530436038971	0.6938284039497375	-0.7713828682899475	-0.5184644460678101	0.3690027594566345	0.21265816688537598	-0.7565344572067261	-0.6184109449386597
0.25949928164482117	0.378516286611557	0.40793102979660034	0.7426723837852478	0.9081481695175171	1.0	0	0.0	0	0.0	0	0.6875041723251343	-0.5487031936645508	0.4756709635257721	-0.7193560004234314	-0.6042221784591675	0.3426989018917084	0.09937095642089844	-0.5777836441993713	-0.8101182579994202
0.2646932601928711	0.3876562714576721	0.40619000792503357	0.7414714694023132	0.9076878428459167	0.5	3	0.5	0	0.0	0	0.8628672361373901	-0.48549821972846985	0.14054057002067566	-0.5031377077102661	-0.7984561324119568	0.33063623309135437	-0.04830783233046532	-0.3560064136981964	-0.9332340359687805
0.24487626552581787	0.3742942810058594	0.41061604022979736	0.7458096742630005	0.908052921295166	0.5	3	0.5	0	0.0	0	0.7624091506004333	-0.5614072680473328	0.32179826498031616	-0.646960973739624	-0.6724029779434204	0.3596048951148987	0.014493294060230255	-0.4823570251464844	-0.8758548498153687
0.24903127551078796	0.383566290140152	0.41481202840805054	0.7448804974555969	0.906448245048523	0.5	3	0.5	0	0.0	0	0.7305089831352234	-0.5315234065055847	0.42876505851745605	-0.6792955994606018	-0.6301272511482239	0.376161128282547	0.07023812085390091	-0.5660473108291626	-0.8213751316070557
0.2338622808456421	0.3444094955921173	0.38127604126930237	0.7481585741043091	0.9162458181381226	1.0	0	0.0	0	0.0	0	0.6785649061203003	-0.5006377100944519	0.5375049710273743	-0.725948691368103	-0.5687314867973328	0.3867079019546509	0.11209544539451599	-0.6526074409484863	-0.7493585348129272
0.257027268409729	0.3744642734527588	0.40246403217315674	0.7431824207305908	0.9095485210418701	1.0	0	0.0	0	0.0	0	0.7397940158843994	-0.6315105557441711	0.2321622371673584	-0.6721174716949463	-0.677384078502655	0.2990133464336395	-0.03156708925962448	-0.3772485554218292	-0.9255739450454712
0.2338622808456421	0.3444094955921173	0.38127604126930237	0.6917300224304199	0.5098394751548767	1.0	0	0.0	0	0.0	0	0.6785649061203003	-0.5006377100944519	0.5375049710273743	0.1475878804922104	-0.6239365935325623	-0.7674118280410767	0.7195643186569214	0.6000679731369019	-0.34949344396591187
0.24084925651550293	0.3345015048980713	0.37533503770828247	0.6934821009635925	0.5100445747375488	1.0	0	0.0	0	0.0	0	0.8434388041496277	-0.25456371903419495	0.47308382391929626	0.14650574326515198	-0.7382810711860657	-0.6583898067474365	0.5168709754943848	0.6246210336685181	-0.585399866104126
0.24602627754211426	0.34467098116874695	0.3731370270252228	0.6937456727027893	0.5120118856430054	1.0	0	0.0	0	0.0	0	0.8695924878120422	-0.4312102198600769	0.2405548095703125	-0.12592868506908417	-0.664832592010498	-0.7363013625144958	0.4774293601512909	0.6099894046783447	-0.632435142993927
0.23030027747154236	0.3394811749458313	0.3821430206298828	0.6913878321647644	0.5088386535644531	1.0	0	0.0	0	0.0	0	0.8265582919120789	-0.29826658964157104	0.4773242175579071	0.1356675922870636	-0.7175084352493286	-0.6832100749015808	0.5462629199028015	0.6294704079627991	-0.5525974035263062
0.23470526933670044	0.31493398547172546	0.38012704253196716	0.6937456727027893	0.5064548254013062	1.0	0	0.0	0	0.0	0	0.707585871219635	-0.5155595541000366	0.4832398295402527	0.15039828419685364	-0.5583556890487671	-0.8158550262451172	0.6904414296150208	0.6499658823013306	-0.3175452947616577
0.21431627869606018	0.29819658398628235	0.3455500304698944	0.9554224610328674	0.6658333539962769	1.0	0	0.0	0	0.0	0	0.6964064836502075	-0.7073931694030762	0.12088460475206375	0.7100281715393066	0.6546651124954224	-0.2593715488910675	0.10433873534202576	0.26645949482917786	0.9581820368766785
0.23470526933670044	0.31493398547172546	0.38012704253196716	0.9591063857078552	0.6741708517074585	1.0	0	0.0	0	0.0	0	0.707585871219635	-0.5155595541000366	0.4832398295402527	0.7066452503204346	0.5158441662788391	-0.48431122303009033	0.00041484172106720507	0.6841708421707153	0.7293216586112976
0.22265127301216125	0.3151220977306366	0.3881080150604248	0.9564275741577148	0.6755220890045166	1.0	0	0.0	0	0.0	0	0.8851401209831238	-0.4239382743835449	0.19184191524982452	0.4624646008014679	0.7555338740348816	-0.4639989733695984	0.051763854920864105	0.4994242191314697	0.8648098707199097
0.20423127710819244	0.26586148142814636	0.18293699622154236	0.9563237428665161	0.6318961977958679	1.0	0	0.0	0	0.0	0	0.6945928335189819	-0.5409577488899231	0.4742421805858612	0.7194259762763977	0.5204253196716309	-0.45998236536979675	0.0020233886316418648	0.6606825590133667	0.7506627440452576
0.2274862825870514	0.30027809739112854	0.34326502680778503	0.9582359194755554	0.6657792925834656	1.0	0	0.0	0	0.0	0	0.6461003422737122	-0.7503553628921509	0.13971881568431854	0.7561461925506592	0.6042487621307373	-0.25124967098236084	0.10410160571336746	0.26798033714294434	0.957783579826355
0.20423127710819244	0.26586148142814636	0.18293699622154236	0.9468180537223816	0.678809642791748	1.0	0	0.0	0	0.0	0	0.6945928335189819	-0.5409577488899231	0.4742421805858612	0.3768828213214874	-0.2879549562931061	-0.8803643584251404	0.6128002405166626	0.7902283668518066	0.003866214072331786
0.2058272808790207	0.23046600818634033	0.18361400067806244	0.9479379653930664	0.673872709274292	1.0	0	0.0	0	0.0	0	0.8844078183174133	-0.15216735005378723	0.4412120282649994	0.2910330295562744	-0.5592672824859619	-0.776221513748169	0.3648710250854492	0.8149036169052124	-0.4503346383571625
0.21673226356506348	0.267021507024765	0.17483200132846832	0.9494675993919373	0.6803608536720276	1.0	0	0.0	0	0.0	0	0.9018799066543579	-0.405084490776062	0.15006406605243683	-0.013244550675153732	-0.3733222186565399	-0.9276072382926941	0.4317815601825714	0.8346028327941895	-0.3420569598674774
0.1952722817659378	0.23527681827545166	0.19053499400615692	0.9455707669258118	0.6733430027961731	1.0	0	0.0	0	0.0	0	0.8703155517578125	-0.1384960561990738	0.47262006998062134	0.3238736093044281	-0.5620498657226562	-0.7610557079315186	0.3710392713546753	0.815427839756012	-0.44430553913116455
0.19685126841068268	0.19988012313842773	0.19118598103523254	0.9466873407363892	0.6684098839759827	1.0	0	0.0	0	0.0	0	0.8852985501289368	-0.15271766483783722	0.43923112750053406	0.28791356086730957	-0.5617685914039612	-0.7755784392356873	0.365190714597702	0.8130789995193481	-0.4533633589744568
0.18631426990032196	0.20469221472740173	0.19813299179077148	0.9443236589431763	0.6678763628005981	1.0	0	0.0	0	0.0	0	0.8702868819236755	-0.13898466527462006	0.4725295305252075	0.32279378175735474	-0.5637370347976685	-0.7602661848068237	0.3720477223396301	0.8141793012619019	-0.44574958086013794
0.18823127448558807	0.17064611613750458	0.19830898940563202	0.9454843401908875	0.6632062196731567	1.0	0	0.0	0	0.0	0	0.9101293683052063	-0.01672426052391529	0.4139865040779114	0.31662845611572266	-0.6163936853408813	-0.7209752202033997	0.2672364115715027	0.7872605919837952	-0.5557025671005249
0.1791582703590393	-0.001891684252768755	0.25435295701026917	0.9470104575157166	0.6306427121162415	1.0	0	0.0	0	0.0	0	0.7293506860733032	-0.19782623648643494	0.6549140810966492	0.4913395047187805	-0.5146890878677368	-0.7026242017745972	0.47607460618019104	0.8342445492744446	-0.27818894386291504
